# Saving: 0.02 s
time,angle,angleD,angle_cos,angle_sin,position,positionD,Q,target_position
3129.5476377010345,-2.2291416397099657,-2.3393207015277304,-0.6118088232737776,-0.7910056660760121,0.1446334763948498,0.0,-0.4230378,0.0
3129.5680236816406,-2.296636794376934,-3.37475773335148,-0.6637642978739207,-0.7479418138250736,0.1446334763948498,0.0,-0.92204314,0.0
3129.5881135463715,-2.379471756922759,-4.141748127294998,-0.723373250410503,-0.6904571967838005,0.1428489270386266,-0.0892274678112404,-0.99583954,0.0
3129.6086342334747,-2.4577047771049263,-3.9116510091119423,-0.7751221785724612,-0.6318113708102138,0.1385150214592274,-0.216695278970154,-0.9926084,0.0
3129.628772735596,-2.545141682014408,-4.371845245378649,-0.8273343450963976,-0.5617097839845011,0.1323115879828326,-0.310171673812972,-0.9888259,0.0
3129.649149417877,-2.6371805292875465,-4.6019423636611085,-0.8754587418171798,-0.4832928629473858,0.1246635193133047,-0.3824034334767427,-0.98422325,0.0
3129.669434785843,-2.733821318924342,-4.8320394818441645,-0.918006911227186,-0.3965643843553291,0.1159957081545064,-0.4333905579403087,-0.97854435,0.0
3129.6897196769714,-2.8411999740763365,-5.368932757604627,-0.9552203707425148,-0.2958953249352419,0.1067330472103004,-0.463133047210721,-0.97469485,0.0
3129.710016012192,-2.948578629228332,-5.368932757604627,-0.9814305502405716,-0.1918178173540946,0.0972154506437768,-0.4758798283266132,-0.9513862,0.0
3129.730253458023,-3.062093207531869,-5.6757289151820345,-0.996841583039596,-0.079415730954968,0.0874429184549356,-0.4886266094425047,-0.94791174,0.0
3129.750492095948,3.1045095597684083,-5.829126993970737,-0.9993125008666056,0.0370745952335323,0.0775854077253219,-0.4928755364811348,-0.92352533,0.0
3129.77077126503,2.9879270198891,-5.829126993970737,-0.9882166507212412,0.1530615929529427,0.0676429184549356,-0.4971244635197655,-0.8766989,0.0
3129.790966749192,2.871344480009791,-5.829126993970737,-0.9637046709916426,0.2669706109460175,0.0577004291845493,-0.4971244635197655,-0.82818925,0.0
3129.8114607334137,2.754761940130482,-5.829126993970737,-0.92610933880333,0.3772552088192538,0.0478429184549356,-0.4928755364811351,-0.7207655,0.0
3129.8316032886505,2.6427813426148306,-5.599029875787682,-0.8781518296282949,0.4783820273802917,0.038325321888412,-0.4758798283266129,-0.5286259,0.0
3129.851881504059,2.5354026874628355,-5.368932757604627,-0.8218247078476747,0.5697404229744315,0.0293175965665236,-0.4503862660948303,-0.28649366,0.0
3129.872129440308,2.431091993886612,-5.215534678815924,-0.7580354340562743,0.6522133705430423,0.021244635193133,-0.403648068669895,-0.09008173,0.0
3129.8925154209137,2.32984926188616,-5.06213660002722,-0.6882346695050072,0.7254881389046505,0.0146163090128755,-0.331416309013177,0.0798957,0.0
3129.912786245346,2.2393443954009067,-4.525243324266757,-0.6198472776007878,0.7847224684249151,0.0096875536480686,-0.2464377682405674,0.19148016,0.0
3129.9328496456146,2.150373509703539,-4.448544284872406,-0.5476702171114499,0.8366942890262233,0.0066283261802575,-0.152961373390697,0.21018273,0.0
3129.953228473664,2.064470585581943,-4.295146206083702,-0.4738646233726257,0.8805977053773871,0.0050137339055793,-0.080729613733979,0.21669209,0.0
3129.9735074043274,1.993907469339204,-3.5281558121401835,-0.4105992249282993,0.9118159224801242,0.0044188841201716,-0.0297424892704132,0.17958339,0.0
3129.9939711093903,1.9325482378237784,-3.067961575774073,-0.3539132998051391,0.93527823465589,0.0045038626609442,0.0042489270386304,0.2598726,0.0
3130.014121055603,1.8880627949750943,-2.224272142436203,-0.3119706233769381,0.9500917482800304,0.0047587982832618,0.0127467811158914,0.12466023,0.0
3130.0345447063446,1.8543152176416104,-1.68737886667574,-0.2797357797718653,0.960077024782609,0.0052686695278969,0.0254935622317828,0.16835165,0.0
3130.05473613739,1.8343734673990968,-0.9970875121265736,-0.2605358125587828,0.9654641838899748,0.0060334763948497,0.0382403433476742,0.5140951,0.0
3130.0748884677887,1.82977152503544,-0.2300971181830554,-0.2560900589202076,0.966652927229957,0.007987982832618,0.0977253218885008,0.73826975,0.0
3130.0952496528625,1.8359074481869824,0.3067961575774072,-0.2620165089544701,0.9650633912004496,0.0115570815450643,0.1784549356224798,0.8597364,0.0
3130.115333557129,1.8512472560658395,0.7669903939435182,-0.2767889884808678,0.9609307237547032,0.0169107296137339,0.2676824034337199,0.8348553,0.0
3130.1356797218323,1.877324929459896,1.303883669674334,-0.3017508767987686,0.9533868094069554,0.0235390557939914,0.3314163090056414,0.80576575,0.0
3130.155961751938,1.918742410732808,2.070874063647499,-0.3409676928396409,0.9400750142619536,0.0310171673819742,0.3739055793994816,0.736886,0.0
3130.1763710975647,1.9739657190966904,2.7611654181966654,-0.3923355851840238,0.9198221505260186,0.0387502145922746,0.3866523605153731,0.6715109,0.0
3130.196553468704,2.039926892975773,3.298058693957128,-0.4521109546831171,0.8919617058234733,0.0464832618025751,0.3866523605153731,0.6368141,0.0
3130.2168967723846,2.122761855521597,4.141748127294998,-0.5243618796407621,0.8514955191776449,0.0542163090128755,0.3866523605153731,0.63438076,0.0
3130.23703789711,2.2148007027947365,4.6019423636611085,-0.6004025377648862,0.799697938377663,0.0616094420600858,0.3696566523608512,0.6267319,0.0
3130.257327079773,2.31911139637096,5.215534678815924,-0.6804049481878873,0.7328363435866416,0.0690025751072961,0.3696566523608512,0.6345495,0.0
3130.277883529663,2.431091993886612,5.599029875787682,-0.7580354340562743,0.6522133705430423,0.0763107296137339,0.3654077253222205,0.57069033,0.0
3130.297861814499,2.555344437705349,6.212622190942497,-0.8330221725461053,0.5532396045535486,0.0834489270386266,0.3569098712449597,0.4772039,0.0
3130.318274497986,2.6857328046756286,6.519418348519904,-0.8978828249715779,0.4402345200243375,0.0903321888412017,0.344163090129069,-0.053030543,0.0
3130.3383479118347,2.825325056373222,6.979612584886016,-0.9504028926516548,0.3110214488413416,0.0959407725321888,0.2804291845496108,-0.89803296,0.0
3130.3587296009064,2.9710532312223576,7.286408742463423,-0.9854933627797297,0.1697139708954455,0.0981502145922746,0.1104721030043927,-0.9711063,0.0
3130.379166126251,-3.13572428535038,8.82038953035046,-0.9999827811765182,-0.0058683345572423,0.096450643776824,-0.0849785407726097,-0.9814622,0.0
3130.3991434574127,-2.959316494743531,8.82038953035046,-0.9834336447963472,-0.1812684922499558,0.0922017167381974,-0.2124463519315232,-0.96332425,0.0
3130.4196712970734,-2.77677278098514,9.127185687927865,-0.9341880423567772,-0.3567810274070245,0.0861682403433476,-0.3016738197427637,-0.98502505,0.0
3130.439727306366,-2.5942290672267485,9.127185687927865,-0.8538995773918397,-0.520437807744631,0.0786051502145922,-0.3781545064381127,-0.98689723,0.0
3130.4599874019623,-2.423957199771442,8.513593372773052,-0.7533627714948596,-0.6576051509268946,0.070107296137339,-0.4248927038630473,-0.9809868,0.0
3130.480539798737,-2.258287274679793,8.283496254589997,-0.6346000841983805,-0.7728406906571421,0.060844635193133,-0.4631330472107214,-0.99009496,0.0
3130.500633955002,-2.107957157467,7.516505860646477,-0.5116987425508202,-0.8591649415984741,0.0513270386266094,-0.4758798283266132,-0.9667068,0.0
3130.52099275589,-1.9683649057694068,6.979612584886016,-0.3871777063659342,-0.9220051104485346,0.0417244635193133,-0.4801287553652436,-0.9571594,0.0
3130.54127073288,-1.8471804235264413,6.059224112153793,-0.2728787659967688,-0.9620484286500762,0.0319519313304721,-0.4886266094425044,-0.8889571,0.0
3130.5613889694214,-1.7428697299502178,5.215534678815924,-0.1712254985109811,-0.9852318654305016,0.0221793991416309,-0.4886266094425044,-0.892032,0.0
3130.5819053649902,-1.6508308826770794,4.6019423636611085,-0.079949139283775,-0.9967989441847256,0.0124918454935622,-0.4843776824038741,-0.7746666,0.0
3130.6022448539734,-1.5818017472222254,3.451456772745832,-0.0110051982672434,-0.9999394409718514,0.002889270386266,-0.4801287553652436,-0.5380391,0.0
3130.622153282165,-1.5235104772825712,2.9145634969853687,0.047268230004063,-0.9988822325140652,-0.0062034334763948,-0.4546351931334607,-0.15759349,0.0
3130.6427087783813,-1.4805590152217731,2.1475731029930207,0.0901148977747849,-0.9959313757478676,-0.0140214592274678,-0.3909012875451155,0.11794574,0.0
3130.662934064865,-1.456015322615603,1.227184630309629,0.1145291363377485,-0.9934198895380189,-0.0198,-0.2889270386268722,0.56587505,0.0
3130.6832995414734,-1.442209495524632,0.6902913545491663,0.128232769381649,-0.9917440984733475,-0.022689270386266,-0.1444635193134361,0.9574345,0.0
3130.703539609909,-1.443743476312518,-0.0766990393943518,0.1267113027126793,-0.9919396381659802,-0.0220094420600858,0.0339914163090437,0.93487525,0.0
3130.7237508296967,-1.4575493034034883,-0.6902913545491663,0.1130051151614758,-0.9935944061574328,-0.0184403433476394,0.17845493562248,0.7908223,0.0
3130.7440054416656,-1.48516095758543,-1.3805827090983327,0.0855307409432869,-0.996335532014036,-0.0130866952789699,0.2676824034337198,0.22911045,0.0
3130.764321804046,-1.5311803812219993,-2.3009711818305543,0.0396055840223737,-0.9992153910515224,-0.0073931330472103,0.2846781115882417,-0.5277731,0.0
3130.784623861313,-1.5910056319495394,-2.991262536379721,-0.020207929548755,-0.9997957989426404,-0.0038240343347639,0.1784549356224799,-0.99736357,0.0
3130.804964542389,-1.6692386521317069,-3.9116510091119423,-0.0982834033801715,-0.9951584660846786,-0.003993991416309,-0.0084978540772609,-0.999875,0.0
3130.824971437454,-1.75974351861696,-4.525243324266757,-0.1878249284119225,-0.9822025230404656,-0.0073081545064377,-0.1657081545065885,-0.9998696,0.0
3130.845389127732,-1.870190135344726,-5.522330836393331,-0.2949410355879446,-0.9555154554094408,-0.0129167381974248,-0.2804291845496113,-0.9999124,0.0
3130.8656721115112,-1.9883066560119205,-5.90582603336509,-0.4054859008081992,-0.9141012986785236,-0.0202248927038626,-0.3654077253222209,-0.9995767,0.0
3130.885976791382,-2.126364926921628,-6.902913545491663,-0.5274264684933176,-0.849600682869704,-0.0286377682403433,-0.4206437768244169,-0.99718136,0.0
3130.9062559604645,-2.2705591209828784,-7.209709703069071,-0.6440362441033233,-0.7649949779451396,-0.0377304721030042,-0.4546351931334606,-0.99076784,0.0
3130.926527738571,-2.4316271037108703,-8.053399136406941,-0.7583843312928215,-0.6518076449762921,-0.0472480686695279,-0.4758798283266132,-0.9110113,0.0
3130.946708679199,-2.6018989711661766,-8.513593372773052,-0.8578661300126572,-0.513873236291896,-0.0566806866952789,-0.4716309012879825,-0.80016184,0.0
3130.9668645858765,-2.7829087041366822,-9.050486648533514,-0.9363596237600588,-0.3510422410364899,-0.0660283261802575,-0.4673819742493521,-0.22229047,0.0
3130.987277984619,-2.974656302622388,-9.587379924293977,-0.9860984561200146,-0.1661620740052424,-0.0743562231759656,-0.4163948497857865,0.999065,0.0
3131.0075829029083,3.109111502132065,-9.970875121265736,-0.9994725337766164,0.032475440353452,-0.0786901287553648,-0.216695278970154,1.0,0.0
3131.02792096138,2.877480403161333,-11.581554948547124,-0.9653246303970342,0.2610524046026568,-0.078095278969957,0.029742489270413,1.0,0.0
3131.048011779785,2.632043477099631,-12.271846303096291,-0.872964500729062,0.4877837435450874,-0.0742712446351931,0.1912017167383717,0.99973905,0.0
3131.068510293961,2.388140531825814,-12.19514726370194,-0.7293314137321518,0.6841605724853346,-0.0684077253218884,0.2931759656655023,0.7032816,0.0
3131.088804960251,2.150373509703539,-11.888351106124531,-0.5476702171114499,0.8366942890262233,-0.0614394849785407,0.348412017167699,0.32895795,0.0
3131.1089403629303,1.918742410732808,-11.581554948547124,-0.3409676928396409,0.9400750142619536,-0.0548961373390557,0.3271673819745467,-0.37703562,0.0
3131.1292672157288,1.7147229659440173,-10.200972239448792,-0.1434302497782798,0.989660428353352,-0.0505622317596566,0.216695278970154,-0.046249237,0.0
3131.1493723392487,1.5199074058825408,-9.740778002861202,0.0508669594001641,0.998705438275662,-0.0482678111587982,0.1147210300404143,0.43806046,0.0
3131.169746160507,1.3511695192151203,-8.4368943333787,0.2178654103616158,0.9759788230120388,-0.0460583690987124,0.1104721030043923,0.44730178,0.0
3131.1901953220367,1.1962374596386702,-7.746602978829533,0.3658620159879691,0.9306691062118796,-0.0430841201716738,0.1487124463520665,0.7534642,0.0
3131.210401535034,1.1962374596386702,-7.746602978829533,0.3658620159879691,0.9306691062118796,-0.0389201716738197,0.2081974248928932,0.85024023,0.0
3131.2305438518524,1.1456160936384443,-1.265534150006805,0.412484974432114,0.9109644042813848,-0.03322660944206,0.2846781115882418,0.84740794,0.0
3131.2510030269623,1.0919267660624472,-2.684466378802313,0.4607761868120689,0.8875163692388605,-0.0261733905579399,0.3526609442063294,0.54611945,0.0
3131.2711119651794,1.00295588036508,-4.448544284872406,0.537812661557663,0.8430643753998046,-0.0188652360515021,0.3654077253222207,0.4761163,0.0
3131.291604757309,0.926256840970798,-3.834951969717591,0.6008303780073423,0.7993765426027676,-0.0118120171673819,0.3526609442063293,0.5974185,0.0
3131.311696767807,0.8556937247280584,-3.5281558121401835,0.6556948873733056,0.7550259695351598,-0.0047587982832618,0.3526609442063294,0.6391011,0.0
3131.332075595856,0.802004397152061,-2.684466378802313,0.6952674442576138,0.7187511258811954,0.0022944206008583,0.3526609442063293,-0.13954793,0.0
3131.35231423378,0.7605869158791486,-2.070874063647499,0.7244315469862805,0.6893467441941424,0.008157939914163,0.2931759656655027,-0.40395546,0.0
3131.3726258277893,0.716101473030465,-2.224272142436203,0.7543706383990939,0.6564487336581155,0.0113871244635193,0.161459227467958,-0.50824827,0.0
3131.392756700516,0.677751953333324,-1.917475984858796,0.7789843088078159,0.6270434168629867,0.011981974248927,0.0297424892704133,-0.33081517,0.0
3131.413261175156,0.639402433636183,-1.917475984858796,0.8024524785630353,0.5967160293205147,0.0112171673819742,-0.0382403433476743,-0.18929414,0.0
3131.4333460330963,0.6102567986663558,-1.4572817484926843,0.8195008792212723,0.5730779257270006,0.0101974248927038,-0.0509871244635656,0.17150715,0.0
3131.4537403583527,0.5949169907874994,-0.7669903939435182,0.8281950233766565,0.5604400086129999,0.0096875536480686,-0.0254935622317829,0.3796766,0.0
3131.4739668369293,0.5872470868480713,-0.3834951969717591,0.8324691420900124,0.5540714100798909,0.0100274678111587,0.0169957081545218,0.4015557,0.0
3131.494305372238,0.5918490292117281,0.2300971181830554,0.8299105314478293,0.5578965045525751,0.0112171673819742,0.0594849785408266,0.45118028,0.0
3131.514595270157,0.6087228178784702,0.8436894333378699,0.82037900522217,0.5718201533617739,0.0133416309012875,0.1062231759657619,0.25427163,0.0
3131.5347216129303,0.639402433636183,1.5339807878870364,0.8024524785630353,0.5967160293205147,0.0161459227467811,0.1402145922748055,-0.012304838,0.0
3131.555046081543,0.6762179725454384,1.840776945464444,0.7799452644725613,0.6258477326209838,0.018525321888412,0.1189699570816533,-0.45281404,0.0
3131.575406074524,0.7191694346062364,2.147573103041851,0.7523531318552525,0.658760020787231,0.0194600858369098,0.0467381974249352,-0.6872109,0.0
3131.5956513881683,0.7682568198185769,2.454369260619258,0.7191230673988462,0.6948827339449977,0.0181004291845493,-0.0679828326180876,-0.89462906,0.0
3131.616044521332,0.8173442050309174,2.454369260619258,0.6841605724853346,0.7293314137321518,0.0147862660944206,-0.1657081545065883,-0.94031703,0.0
3131.63610124588,0.874101494182686,2.837864457591017,0.641686241629897,0.766967253083792,0.0095175965665236,-0.2634334763950894,-0.9202217,0.0
3131.656440973282,0.933926744910226,2.991262536311708,0.5946816242613843,0.803961296186478,0.0025493562231759,-0.3484120171597769,-0.86240417,0.0
3131.6767110824585,1.007557822728737,3.681553890928887,0.5339272467330799,0.8455304223953346,-0.005438626609442,-0.3993991416312645,-0.74621654,0.0
3131.6969151496887,1.0949947276382184,4.371845245478053,0.4580511564643417,0.8889258338363663,-0.0137665236051502,-0.4163948497857865,-0.41500416,0.0
3131.717163085937,1.1486840552142157,2.684466378802313,0.4096882337943411,0.9122256031763596,-0.0216695278969957,-0.395150214592634,0.2958809,0.0
3131.737436771393,1.1486840552142157,2.684466378802313,0.4096882337943411,0.9122256031763596,-0.0275330472103004,-0.2931759656655028,0.8348177,0.0
3131.757851600647,1.1824316325476998,0.8436894333378699,0.3786753983363376,0.9255295471754622,-0.0296575107296137,-0.1062231759657618,0.9704754,0.0
3131.7780900001526,1.3342957305483782,7.59320490004083,0.2343020741784153,0.9721638432052964,-0.0278729613733905,0.0892274678112399,0.9812877,0.0
3131.798316001892,1.5045675980036846,8.513593372773052,0.0661803235085439,0.9978076792550278,-0.0236240343347639,0.2124463519315236,0.94410276,0.0
3131.818756341934,1.6901792733378471,9.28058376671657,-0.119099568536345,0.9928823156721326,-0.0176755364806866,0.2974248927041332,0.9416959,0.0
3131.8387365341187,1.8880627949750943,9.894176081871384,-0.3119706233769381,0.9500917482800304,-0.0102824034334763,0.3696566523608512,0.89376086,0.0
3131.85918712616,2.099752143703313,10.584467436420551,-0.5046321372181242,0.8633344694188159,-0.0022094420600858,0.403648068669895,0.79012334,0.0
3131.8793506622314,2.31911139637096,10.96796263339231,-0.6804049481878873,0.7328363435866416,0.0062034334763948,0.4206437768244169,0.7459961,0.0
3131.899842023849,2.5568784184932345,11.888351106124531,-0.8338698510469389,0.551961114133012,0.0144463519313304,0.4121459227471559,0.77515644,0.0
3131.9199900627136,2.794645440615509,11.888351106124531,-0.9404151279565418,0.340028509261328,0.022689270386266,0.412145922747156,0.9584312,0.0
3131.940347671509,3.033946443525669,11.965050145518884,-0.9942117393581232,0.1074384350337212,0.0311871244635193,0.4248927038630474,0.89800626,0.0
3131.960506677628,-3.011471841531643,11.888351106124531,-0.9915462251110524,-0.1297539343065256,0.0402798283261802,0.4546351931334606,0.9341281,0.0
3131.980825662613,-2.775238800197254,11.81165206673018,-0.9336396482125412,-0.3582136335841535,0.0497124463519313,0.4716309012879825,0.35670465,0.0
3132.0011947155,-2.5528115859538363,11.121360712181014,-0.8316182280850107,-0.555347749357776,0.0587201716738197,0.4503862660948303,-0.060400728,0.0
3132.0213811397552,-2.334986314074075,10.89126359399796,-0.6919524425473139,-0.7219430844968364,0.06611330472103,0.3696566523608516,-0.62957793,0.0
3132.041838169098,-2.123296965345857,10.584467436420551,-0.5248174481630918,-0.8512148060880875,0.0702772532188841,0.2081974248928932,-0.9525569,0.0
3132.0619230270386,-1.913141597405524,10.5077683970262,-0.335697187785893,-0.9419699560562655,0.0703622317596566,0.00424892703863,-0.9996307,0.0
3132.082179069519,-1.7213939989198188,9.587379924293977,-0.1500290666590838,-0.9886815863347532,0.067557939914163,-0.1402145922748057,-0.30752897,0.0
3132.102414131165,-1.5419182467371986,8.973787609139162,0.0288740664438276,-0.999583057222859,0.0639038626609442,-0.1827038626611102,-0.29322162,0.0
3132.123037815094,-1.3762483216455497,8.283496254589997,0.1933230866894512,-0.9811351508089304,0.0605047210300429,-0.1699570815452187,0.13881902,0.0
3132.143182516098,-1.2305201467964135,7.286408742463423,0.3337474494011708,-0.9426625271104252,0.0579553648068669,-0.1274678111589142,0.3801162,0.0
3132.163410186768,-1.0985977990382485,6.596117387764278,0.4548453269105602,-0.8905704512208035,0.0571905579399141,-0.038240343346805,0.22126697,0.0
3132.18353676796,-0.972811374431626,6.289321230336848,0.5629782375986214,-0.8264717200185074,0.0575304721030043,0.0169957081545222,-0.01380505,0.0
3132.2039272785187,-0.8608307769159741,5.599029875787682,0.6518076449762917,-0.7583843312928218,0.0577004291845493,0.0084978540772607,-0.26590723,0.0
3132.224441051483,-0.7611220257034074,4.985437560632867,0.7240625670709693,-0.6897342959187966,0.0573605150214592,-0.0169957081545218,-0.44095525,0.0
3132.2444698810577,-0.6767530823696971,4.21844716668935,0.7796102555525831,-0.6262649993710618,0.0563407725321888,-0.0509871244635656,-0.63261354,0.0
3132.264868021012,-0.6061899661269576,3.5281558121401835,0.8218247078476748,-0.5697404229744314,0.0539613733905579,-0.1189699570816534,-0.45731193,0.0
3132.2852008342743,-0.5463647153994176,2.991262536379721,0.8544190015337096,-0.5195846127611351,0.050307296137339,-0.1827038626611102,-0.24286231,0.0
3132.305495738983,-0.5003452917628484,2.3009711818305543,0.8774169678887781,-0.4797285320479311,0.0464832618025751,-0.1912017167383713,-0.23826939,0.0
3132.3258776664734,-0.4589278104899361,2.070874063647499,0.8965279788910255,-0.4429871138820778,0.0429141630901287,-0.1784549356224798,0.13003255,0.0
3132.345916032791,-0.4221122715806807,1.840776945464444,0.9122256031763598,-0.4096882337943409,0.0401948497854077,-0.135965665236175,0.2888727,0.0
3132.36625289917,-0.3868307134593109,1.7640779060700915,0.92610933880333,-0.3772552088192536,0.0390051502145922,-0.0594849785408267,0.66350406,0.0
3132.3866078853607,-0.3469472129742842,1.9941750242531475,0.9404151279565418,-0.340028509261328,0.0399399141630901,0.0467381974249352,0.9569067,0.0
3132.406853437424,-0.305529731701372,2.070874063647499,0.9536877439283524,-0.3007984160211769,0.0430841201716738,0.1572103004293276,0.79210997,0.0
3132.4269366264343,-0.2595103080648027,2.3009711818305543,0.9665157525331574,-0.2566072877087955,0.0481828326180257,0.2549356223178285,0.9218999,0.0
3132.4474692344666,-0.2134908844282335,2.3009711818305543,0.977297247513528,-0.2118728156288151,0.0547261802575107,0.3271673819745464,0.68485224,0.0
3132.4675998687744,-0.1644034992158929,2.454369260619258,0.9865161564944414,-0.163663902481381,0.062119313304721,0.3696566523608512,0.624347,0.0
3132.487864971161,-0.1229860179429806,2.070874063647499,0.9924467474980174,-0.122676213589295,0.0695124463519313,0.3696566523608512,0.24119112,0.0
3132.5080721378326,-0.0815685366700683,2.070874063647499,0.9966751310070524,-0.0814781150498401,0.0763957081545064,0.3441630901290682,0.3922262,0.0
3132.528393983841,-0.0447529977608129,1.840776945464444,0.9989987517233544,-0.0447380604762855,0.0825141630901287,0.3059227467813945,-0.09968026,0.0
3132.5488424301147,-0.0140733820031001,1.5339807878870364,0.999900971593978,-0.0140729174451707,0.0874429184549356,0.246437768240567,-0.31295848,0.0
3132.568977355957,0.0089363298151844,1.1504855909152771,0.9999600712704372,0.0089362108761023,0.0901622317596566,0.135965665236175,-0.50100255,0.0
3132.5892763137817,0.0227421569061552,0.6902913545491663,0.9997414082953414,0.0227401965613178,0.0906721030042918,0.0254935622317829,-0.6849327,0.0
3132.6095926761627,0.0273440992698121,0.2300971181830554,0.9996261734109364,0.0273406918677678,0.0893124463519313,-0.0679828326180875,-0.73864543,0.0
3132.629847049713,0.0242761376940408,-0.1533980787887036,0.9997053490403316,0.0242737533181117,0.0862532188841201,-0.1529613733906972,-0.62560153,0.0
3132.650043964386,0.0196741953303839,-0.2300971181830554,0.9998064692617308,0.0196729261268257,0.0818343347639485,-0.2209442060087847,-0.35533547,0.0
3132.670288085937,0.0089363298151844,-0.5368932757482552,0.9999600712704372,0.0089362108761023,0.0770755364806867,-0.2379399141578961,-0.48287648,0.0
3132.690609931946,-0.0002675549121293,-0.4601942363661109,0.9999999642071848,-0.0002675549089371,0.0720618025751073,-0.2506866952791978,-0.035700154,0.0
3132.710785150528,-0.001801535700015,-0.0766990393943518,0.9999983772349996,-0.0018015347255252,0.0676429184549356,-0.2209442060087847,-0.008855376,0.0
3132.731121301651,-0.0094714396394432,-0.3834951969717591,0.999955146250892,-0.0094712980291606,0.0643287553648068,-0.1657081545065887,-0.29530317,0.0
3132.75146985054,-0.0064034780636719,0.1533980787887036,0.9999794978044012,-0.0064034343018255,0.0613545064377682,-0.1487124463520665,0.20767036,0.0
3132.7717509269714,-0.0048694972757862,0.0766990393943518,0.999988144021568,-0.0048694780315528,0.0592300429184549,-0.1062231759657616,-0.39025554,0.0
3132.79188156128,-0.0002675549121293,0.2300971181830554,0.9999999642071848,-0.0002675549089371,0.0573605150214592,-0.0934763948498705,-0.46661568,0.0
3132.812227010727,0.0043343874515275,0.2300971181830554,0.9999906065574162,0.0043343738799125,0.0545562231759656,-0.1402145922748057,-0.58289003,0.0
3132.83260846138,-0.0033355164879006,-0.3834951969717591,0.999994437170037,-0.003335510302928,0.0508171673819742,-0.1869527896997406,-0.8329802,0.0
3132.8530099391937,-0.0125394012152144,-0.4601942363661109,0.9999213827387158,-0.0125390726090316,0.0456334763948497,-0.2591845493564589,-0.2608528,0.0
3132.8732879161835,-0.0248112475182996,-0.6135923151548145,0.9996922167880063,-0.0248087019709134,0.0401948497854077,-0.2719313304723504,-0.3961184,0.0
3132.8933868408203,-0.0370830938213847,-0.6135923151548145,0.9993125008666056,-0.0370745952335321,0.0351811158798283,-0.2506866952791981,-0.25298646,0.0
3132.9135353565216,-0.0447529977608129,-0.3834951969717591,0.9989987517233544,-0.0447380604762855,0.030507296137339,-0.233690987124676,-0.08215484,0.0
3132.9340686798096,-0.0524229017002411,-0.3834951969717591,0.998626234342622,-0.052398893906979,0.0266832618025751,-0.1912017167383712,-0.10061542,0.0
3132.954383611679,-0.0539568824881268,-0.0766990393943518,0.9985446805455888,-0.0539307051141353,0.0236240343347639,-0.152961373390697,0.23736393,0.0
3132.97460603714,-0.0554908632760124,-0.0766990393943518,0.998460777076467,-0.055462389417133,0.0217545064377682,-0.0934763948498705,0.1166173,0.0
3132.994840145111,-0.0524229017002411,0.1533980787887036,0.998626234342622,-0.052398893906979,0.0209896995708154,-0.0382403433476743,0.37379944,0.0
3133.0150537490845,-0.0462869785486985,0.3067961575774072,0.9989289490547298,-0.0462704521310634,0.0214145922746781,0.0212446351931524,0.31173366,0.0
3133.035456895828,-0.0370830938213847,0.4601942363661109,0.9993125008666056,-0.0370745952335321,0.0224343347639485,0.0509871244635656,0.3711507,0.0
3133.055470228195,-0.0263452283061852,0.5368932757604628,0.9996529845445592,-0.0263421808352133,0.0242188841201716,0.0892274678112399,0.1659864,0.0
3133.0759048461914,-0.0140733820031001,0.6135923151548145,0.999900971593978,-0.0140729174451707,0.0264283261802575,0.1104721030043923,0.14379832,0.0
3133.096305847168,-0.0002675549121293,0.6902913545491663,0.9999999642071848,-0.0002675549089371,0.0286377682403433,0.1104721030043923,-0.08729844,0.0
3133.1165478229523,0.0089363298151844,0.4601942363661109,0.9999600712704372,0.0089362108761023,0.0304223175965665,0.0892274678112399,-0.587205,0.0
3133.136789560318,0.0181402145424983,0.4601942363661109,0.999835470820016,0.0181392196667111,0.0304223175965665,0.0,-0.18186916,0.0
3133.1570665836334,0.0166062337546126,-0.0766990393943518,0.9998621196688576,0.0166054705232605,0.0295725321888412,-0.0424892703863046,-0.6404491,0.0
3133.177407741546,0.0135382721788414,-0.1533980787852157,0.9999083589929192,0.0135378586226825,0.027787982832618,-0.0892274678092113,-0.2381736,0.0
3133.19756770134,0.0058683682394131,-0.3834951969717591,0.9999827811765182,0.0058683345572422,0.025068669527897,-0.135965665236175,-0.19223478,0.0
3133.217990398407,-0.0033355164879006,-0.4601942363661109,0.999994437170037,-0.003335510302928,0.0224343347639485,-0.1317167381975448,-0.07757067,0.0
3133.238118648529,-0.0094714396394432,-0.3067961575774072,0.999955146250892,-0.0094712980291606,0.0200549356223175,-0.1189699570816533,0.11075812,0.0
3133.2584393024445,-0.0110054204273288,-0.0766990393943518,0.9999394409718514,-0.0110051982672434,0.0183553648068669,-0.0849785407726093,-0.03122156,0.0
3133.2787499427795,-0.0110054204273288,0.0,0.9999394409718514,-0.0110051982672434,0.0174206008583691,-0.0467381974249352,-0.16705996,0.0
3133.299035549164,-0.0125394012152144,-0.0766990393943518,0.9999213827387158,-0.0125390726090316,0.0164008583690987,-0.0509871244635656,-0.13277091,0.0
3133.319310903549,-0.0140733820031001,-0.0766990393943518,0.999900971593978,-0.0140729174451707,0.0152111587982832,-0.0594849785408266,0.09138401,0.0
3133.3396034240723,-0.0140733820031001,0.0,0.999900971593978,-0.0140729174451707,0.0142763948497854,-0.0467381974249352,0.028370608,0.0
3133.359603404999,-0.0110054204273288,0.1533980787887036,0.9999394409718514,-0.0110051982672434,0.0138515021459227,-0.0212446351931523,0.12901673,0.0
3133.380061149597,-0.0079374588515575,0.1533980787887036,0.9999684985388816,-0.0079373755041987,0.0138515021459227,0.0,-0.04683441,0.0
3133.400194168091,-0.0064034780636719,0.0766990393943518,0.9999794978044012,-0.0064034343018255,0.0137665236051502,-0.0042489270386304,-0.015834413,0.0
3133.420752763748,-0.0064034780636719,0.0,0.9999794978044012,-0.0064034343018255,0.0137665236051502,0.0,-0.025655296,0.0
3133.4410078525543,-0.001801535700015,0.2300971181830554,0.9999983772349996,-0.0018015347255252,0.0137665236051502,0.0,0.16070178,0.0
3133.461146593094,-0.0002675549121293,0.0766990393943518,0.9999999642071848,-0.0002675549089371,0.0140214592274678,0.0127467811158914,-0.10364052,0.0
3133.481456518173,0.0012664258757562,0.0766990393943518,0.9999991980828578,0.0012664255372333,0.0142763948497854,0.0127467811158914,0.18554698,0.0
3133.501742839813,0.0058683682394131,0.2300971181830554,0.9999827811765182,0.0058683345572422,0.0146163090128755,0.0169957081545218,0.13456026,0.0
3133.522104024887,0.0089363298151844,0.1533980787887036,0.9999600712704372,0.0089362108761023,0.0155510729613733,0.0467381974249352,0.11342716,0.0
3133.5424077510834,0.015072252966727,0.3067961575774072,0.9998864157455492,0.0150716823055337,0.0167407725321888,0.0594849785408266,-0.0937477,0.0
3133.5626816749573,0.0227421569061552,0.3834951969717591,0.9997414082953414,0.0227401965613178,0.0177605150214592,0.0509871244635656,-0.27680355,0.0
3133.582682609558,0.0273440992698121,0.2300971181830554,0.9996261734109364,0.0273406918677678,0.0179304721030042,0.0084978540772609,-0.5311926,0.0
3133.603070020676,0.0258101184819265,-0.0766990393943518,0.999666937382068,0.0258072529564193,0.0167407725321888,-0.0594849785408265,-0.6128046,0.0
3133.623467206955,0.0227421569061552,-0.1533980787887036,0.9997414082953414,0.0227401965613178,0.0144463519313304,-0.1147210300430228,-0.49849173,0.0
3133.6437063217163,0.0120042913909557,-0.5368932757604628,0.9999279493593328,0.0120040030839424,0.0112171673819742,-0.161459227467958,-0.5871673,0.0
3133.6640009880066,-0.0033355164879006,-0.7669903939435182,0.999994437170037,-0.003335510302928,0.0069682403433476,-0.2124463519315237,-0.3387545,0.0
3133.684332370758,-0.018675324366757,-0.7669903939260788,0.9998256211981283,-0.0186742388272411,0.0023793991416309,-0.2294420600808287,-0.113863155,0.0
3133.704494714737,-0.0324811514577278,-0.6902913545491663,0.9994725337766164,-0.0324754403534518,-0.0016995708154506,-0.2039484978542627,-0.009873516,0.0
3133.7247402668,-0.0432190169729273,-0.5368932757604628,0.9990662036514166,-0.0432055635485297,-0.0048437768240343,-0.1572103004293275,0.22497663,0.0
3133.7451496124268,-0.0447529977608129,-0.0766990393943518,0.9989987517233544,-0.0447380604762855,-0.0066283261802575,-0.0892274678112399,0.47064286,0.0
3133.765340089798,-0.0478209593365842,-0.1533980787887036,0.9988567958097954,-0.0478027349069979,-0.0066283261802575,0.0,0.26698017,0.0
3133.785709142685,-0.0462869785486985,0.0766990393943518,0.9989289490547298,-0.0462704521310634,-0.0056935622317596,0.0467381974249352,0.3619014,0.0
3133.805985689163,-0.0386170746092704,0.3834951969717591,0.9992544534326808,-0.0386074771897162,-0.0042489270386266,0.072231759656718,0.46507597,0.0
3133.8261647224426,-0.0294131898819565,0.4601942363661109,0.9995674633154116,-0.0294089489984467,-0.0016995708154506,0.1274678111589142,0.1814227,0.0
3133.846256017685,-0.018675324366757,0.5368932757604628,0.9998256211981283,-0.0186742388272411,0.0013596566523605,0.152961373390697,0.23604013,0.0
3133.866743326187,-0.0079374588515575,0.5368932757604628,0.9999684985388816,-0.0079373755041987,0.0043339055793991,0.1487124463520666,0.1434163,0.0
3133.887025594712,-0.0002675549121293,0.3834951969717591,0.9999999642071848,-0.0002675549089371,0.0072231759656652,0.1444635193134361,0.005663947,0.0
3133.9072828292847,0.0074023490272988,0.3834951969717591,0.9999726027395416,0.0074022814258139,0.0096025751072961,0.1189699570816532,0.25127965,0.0
3133.9276349544525,0.0120042913909557,0.2300971181830554,0.9999279493593328,0.0120040030839424,0.0118120171673819,0.1104721030043923,-0.010245803,0.0
3133.947798967361,0.0212081761182696,0.4601942363661109,0.9997751150622464,0.0212065862946447,0.0137665236051502,0.0977253218885008,-0.008089584,0.0
3133.9680330753326,0.0242761376940408,0.1533980787887036,0.9997053490403316,0.0242737533181117,0.0152111587982832,0.072231759656718,-0.41464648,0.0
3133.988369226456,0.0242761376940408,0.0,0.9997053490403316,0.0242737533181117,0.0154660944206008,0.0127467811158914,-0.11676209,0.0
3134.008658885956,0.0227421569061552,-0.0766990393943518,0.9997414082953414,0.0227401965613178,0.0150412017167381,-0.0212446351931523,-0.16527976,0.0
3134.029041528702,0.0212081761182696,-0.0766990393943518,0.9997751150622464,0.0212065862946447,0.0146163090128755,-0.0212446351931524,-0.101895034,0.0
3134.0491042137146,0.0166062337546126,-0.2300971181830554,0.9998621196688576,0.0166054705232605,0.0141064377682403,-0.0254935622317828,-0.15369546,0.0
3134.0694863796234,0.015072252966727,-0.0766990393943518,0.9998864157455492,0.0150716823055337,0.0131716738197424,-0.0467381974249352,0.025339114,0.0
3134.0897953510284,0.0089363298151844,-0.3067961575774072,0.9999600712704372,0.0089362108761023,0.0122369098712446,-0.0467381974249351,-0.316214,0.0
3134.110096693039,0.0043343874515275,-0.2300971181830554,0.9999906065574162,0.0043343738799125,0.0107922746781115,-0.072231759656718,-0.040197928,0.0
3134.130395412445,-0.0033355164879006,-0.3834951969717591,0.999994437170037,-0.003335510302928,0.0091776824034334,-0.080729613733979,-0.06438755,0.0
3134.150717020035,-0.0094714396394432,-0.3067961575774072,0.999955146250892,-0.0094712980291606,0.0078180257510729,-0.0679828326180876,0.17884451,0.0
3134.170783519745,-0.0125394012152144,-0.1533980787887036,0.9999213827387158,-0.0125390726090316,0.0068832618025751,-0.0467381974249352,0.35136342,0.0
3134.1911680698395,-0.0125394012152144,0.0,0.9999213827387158,-0.0125390726090316,0.0070532188841201,0.0084978540770677,0.41153845,0.0
3134.211321592331,-0.0125394012152144,0.0,0.9999213827387158,-0.0125390726090316,0.0080729613733905,0.0509871244635656,0.40181708,0.0
3134.231771469116,-0.0048694972757862,0.3834951969717591,0.999988144021568,-0.0048694780315528,0.0100274678111587,0.0977253218885008,0.6742198,0.0
3134.251914262772,0.0104703106030701,0.7669903939435182,0.9999451867986928,0.0104701192986234,0.01342660944206,0.169957081545219,0.1471338,0.0
3134.272191286087,0.0242761376940408,0.6902913545491663,0.9997053490403316,0.0242737533181117,0.0173356223175965,0.1954506437770018,-0.28163913,0.0
3134.292349100113,0.0350140032092403,0.5368932757604628,0.9993870724132388,0.0350068492340551,0.0198849785407725,0.1274678111589141,-0.26238906,0.0
3134.3128831386566,0.0396159455728973,0.2300971181830554,0.9992153910515224,0.0396055840223737,0.0207347639484978,0.0424892703863048,-0.5627727,0.0
3134.333074092865,0.036547983997126,-0.1533980787887036,0.9993321967729702,0.0365398480143172,0.0198849785407725,-0.0424892703863048,-0.62114465,0.0
3134.353473186493,0.0304120608455834,-0.3067961575774072,0.999537588919292,0.0304073730764195,0.0176755364806866,-0.1104721030043922,-0.435142,0.0
3134.3736929893494,0.0196741953303839,-0.5368932757604628,0.9998064692617308,0.0196729261268257,0.0144463519313304,-0.1614592274679581,-0.3696253,0.0
3134.3938138484955,0.0043343874515275,-0.7669903939435182,0.9999906065574162,0.0043343738799125,0.010707296137339,-0.1869527896997408,-0.26805282,0.0
3134.414131164551,-0.0110054204273288,-0.7669903939435182,0.9999394409718514,-0.0110051982672434,0.0068832618025751,-0.1912017167383713,0.24309453,0.0
3134.4343791008,-0.0217432859425283,-0.5368932757604628,0.999763624071061,-0.0217415727190586,0.004163948497854,-0.1359656652361752,0.46545455,0.0
3134.454769849777,-0.0248112475182996,-0.1533980787887036,0.9996922167880063,-0.0248087019709134,0.0034841201716738,-0.0339914163090437,0.5071301,0.0
